1567
2159
2239
2303
2607
2655
2687
2799
2847
2863
2911
2975
2991
3007
3039
3071
3087
3103
3151
3167
3199
3231
3247
3263
3279
3295
3311
3327
3343
3359
3375
3391
3407
3423
3439
3455
3471
3487
3503
3519
3535
3551
3567
3583
3599
3615
3631
3647
3663
3679
3695
3711
3727
3743
3759
3775
3791
3807
3823
3839
3855
3871
3887
3903
3919
3935
3951
3967
3983
3999
4015
4031
4047
4063
4079
4095
4111
4127
4143
4159
4175
4191
4207
4223
4239
4255
4271
4287
4303
4319
4335
4351
4367
4383
4399
4415
4431
4447
4463
4479
4495
4511
4527
4543
4559
4575
4591
4607
4623
4639
4655
4671
4687
4703
4719
4735
4751
4767
4783
4799
4815
4831
4847
4863
4879
4895
4911
4927
4943
4959
4975
4991
5007
5023
5039
5055
5071
5087
5103
5119
5135
5151
5167
5183
5199
5215
5231
5247
5263
5279
5295
5311
5327
5343
5359
5375
5391
5407
5423
5439
5455
5471
5487
5503
5519
5535
5551
5567
5583
5599
5615
5631
5647
5663
5679
5695
5711
5727
5743
5759
5775
5791
5807
5823
5839
5855
5871
5887
5903
5919
5935
5951
5967
5983
5999
6015
6031
6047
6063
6079
6095
6111
6127
6143
6159
6175
6191
6207
6223
6239
6255
6271
6287
6303
6319
6335
6351
6367
6383
6399
6415
6431
6447
6463
6479
6495
6511
6527
6543
6559
6575
6591
6607
6623
6639
6655
6671
6687
6703
6719
6735
6751
6767
6783
6799
6815
6831
6847
6863
6879
6895
6911
6927
6943
6959
6975
6991
7007
7023
7039
7055
7071
7087
7103
7119
7135
7151
7167
7183
7199
7215
7231
7247
7263
7279
7295
7311
7327
7343
7359
7375
7391
7407
7423
7439
7455
7471
7487
7503
7519
7535
7551
7567
7583
7599
7615
7631
7647
7663
7679
7695
7711
7727
7743
7759
7775
7791
7807
7823
7839
7855
7871
7887
7903
7919
7935
7951
7967
7983
7999
8015
8031
8047
8063
8079
8095
8111
8127
8143
8159
8175
8191
8207
8223
8239
8255
8271
8287
8303
8319
8335
8351
8367
8383
8399
8415
8431
8447
8463
8479
8495
8511
8527
8543
8559
8575
8591
8607
8623
8639
8655
8671
8687
8703
8719
8735
8751
8767
8783
8799
8815
8831
8847
8863
8879
8895
8911
8927
8943
8959
8975
8991
9007
9023
9039
9055
9071
9087
9103
9119
9135
9151
9167
9183
9199
9215
9231
9247
9263
9279
9295
9311
9327
9343
9359
9375
9391
9407
9423
9439
9455
9471
9487
9503
9519
9535
9551
9567
9583
9599
9615
9631
9647
9663
9679
9695
9711
9727
9743
9759
9775
9791
9807
9823
9839
9855
9871
9887
9903
9919
9935
9951
9967
9983
9999
10015
10031
10047
10063
10079
10095
10111
10127
10143
10159
10175
10191
10207
10223
10239
10255
10271
10287
10303
10319
10335
10351
10367
10383
10399
10415
10431
10447
10463
10479
10495
10511
10527
10543
10559
10575
10591
10607
10623
10639
10655
10671
10687
10703
10719
10735
10751
10767
10783
10799
10815
10831
10847
10863
10879
10895
10911
10927
10943
10959
10975
10991
11007
11023
11039
11055
11071
11087
11103
11119
11135
11151
11167
11183
11199
11215
11231
11247
11263
11279
11295
11311
11327
11343
11359
11375
11391
11407
11423
11439
11455
11471
11487
11503
11519
11535
11551
11567
11583
11599
11615
11631
11647
11663
11679
11695
11711
11727
11743
11759
11775
11791
11807
11823
11839
11855
11871
11887
11903
11919
11935
11951
11967
11983
11999
12015
12031
12047
12063
12079
12095
12111
12127
12143
12159
12175
12191
12207
12223
12239
12255
12271
12287
12303
12319
12335
12351
12367
12383
12399
12415
12431
12447
12463
12479
12495
12511
12527
12543
12559
12575
12591
12607
12623
12639
12655
12671
12687
12703
12719
12735
12751
12767
12783
12799
12815
12831
12847
12863
12879
12895
12911
12927
12943
12959
12975
12991
13007
13023
13039
13055
13071
13087
13103
13119
13135
13151
13167
13183
13199
13215
13231
13247
13263
13279
13295
13311
13327
13343
13359
13375
13391
13407
13423
13439
13455
13471
13487
13503
13519
13535
13551
13567
13583
13599
13615
13631
13647
13663
13679
13695
13711
13727
13743
13759
13775
13791
13807
13823
13839
13855
13871
13887
13903
13919
13935
13951
13967
13983
13999
14015
14031
14047
14063
14079
14095
14111
14127
14143
14159
14175
14191
14207
14223
14239
14255
14271
14287
14303
14319
14335
14351
14367
14383
14399
14415
14431
14447
14463
14479
14495
14511
14527
14543
14559
14575
14591
14607
14623
14639
14655
14671
14687
14703
14719
14735
14751
14767
14783
14799
14815
14831
14847
14863
14879
14895
14911
14927
14943
14959
14975
14991
15007
15023
15039
15055
15071
15087
15103
15119
15135
15151
15167
15183
15199
15215
15231
15247
15263
15279
15295
15311
15327
15343
15359
15375
15391
15407
15423
15439
15455
15471
15487
15503
15519
15535
15551
15567
15583
15599
15615
15631
15647
15663
15679
15695
15711
15727
15743
15759
15775
15791
15807
15823
15839
15855
15871
15887
15903
15919
15935
15951
15967
15983
15999
16015
16031
16047
16063
16079
16095
16111
16127
16143
16159
16175
16191
16207
16223
16239
16255
16271
16287
16303
16319
16335
16351
16367
16383
16399
16415
16431
16447
16463
16479
16495
16511
16527
16543
16559
16575
16591
16607
16623
16639
16655
16671
16687
16703
16719
16735
16751
16767
16783
16799
16815
16831
16847
16863
16879
16895
16911
16927
16943
16959
16975
16991
