11
15
19
23
31
35
51
59
63
67
79
83
87
99
103
111
115
131
135
139
143
147
151
155
167
171
175
179
191
195
207
215
219
227
231
243
259
267
271
279
287
295
299
307
311
319
323
327
331
339
343
347
355
359
367
371
375
395
399
403
407
419
427
431
439
451
459
471
479
483
487
499
507
511
519
523
527
535
555
563
567
571
575
583
587
591
595
599
603
607
611
619
623
627
631
635
639
643
651
655
663
671
675
679
683
695
711
719
735
739
755
775
803
807
847
855
859
871
875
879
887
891
895
907
911
919
927
935
943
947
951
959
971
975
983
999
1007
1027
1039
1055
1063
1071
1087
1135
1151
1167
1183
1199
1215
1231
1247
1263
1295
1327
1343
1359
1391
1407
1423
1455
1471
1487
1503
1551
1567
1583
1647
1663
1695
1711
1727
1743
1775
1807
1871
1887
1903
1919
1935
1951
1967
1999
2015
2031
2047
2095
2111
2127
2143
2159
2191
2207
2223
2239
2287
2303
2319
2351
2367
2383
2399
2415
2431
2463
2495
2507
2511
2559
2591
2607
2639
2655
2671
2687
2703
2719
2751
2767
2783
2799
2831
2847
2863
2895
2911
2915
2943
2959
2975
2991
3007
3023
3039
3059
3071
3087
3103
3119
3135
3151
3167
3199
3215
3231
3247
3263
3279
3295
3311
3327
3343
3359
3375
3391
3407
3423
3439
3455
3459
3471
3487
3503
3519
3535
3551
3567
3583
3599
3615
3631
3647
3663
3679
3683
3695
3711
3723
3727
3743
3759
3775
3791
3807
3819
3823
3839
3855
3867
3871
3887
3903
3919
3935
3951
3967
3971
3983
3999
4015
4031
4047
4063
4079
4095
4111
4115
4127
4143
4159
4167
4175
4191
4207
4223
4239
4255
4271
4287
4303
4307
4319
4335
4351
4367
4375
4383
4399
4415
4427
4431
4447
4463
4475
4479
4483
4487
4495
4511
4527
4535
4543
4559
4575
4591
4595
4607
4611
4615
4623
4639
4655
4671
4687
4703
4719
4727
4735
4751
4767
4783
4799
4815
4827
4831
4847
4863
4879
4895
4903
4911
4923
4927
4939
4943
4959
4975
4979
4991
5007
5015
5023
5039
5051
5055
5071
5083
5087
5095
5103
5107
5119
5135
5151
5167
5175
5183
5187
5191
5199
5211
5215
5231
5235
5247
5263
5275
5279
5291
5295
5299
5307
5311
5319
5327
5335
5339
5343
5355
5359
5363
5371
5375
5379
5391
5407
5419
5423
5431
5439
5451
5455
5471
5483
5487
5495
5503
5519
5523
5535
5539
5543
5551
5559
5563
5567
5571
5579
5583
5591
5595
5599
5607
5615
5619
5623
5627
5631
5643
5647
5651
5659
5663
5679
5683
5691
5695
5707
5711
5719
5723
5727
5743
5751
5755
5759
5763
5775
5791
5795
5803
5807
5815
5823
5827
5831
5839
5847
5851
5855
5859
5863
5867
5871
5883
5887
5891
5895
5899
5903
5907
5919
5923
5927
5935
5939
5947
5951
5955
5963
5967
5971
5979
5983
5987
5995
5999
6007
6011
6015
6031
6035
6047
6059
6063
6079
6083
6095
6099
6107
6111
6119
6127
6131
6135
6139
6143
6151
6159
6163
6167
6171
6175
6179
6183
6187
6191
6195
6199
6207
6215
6223
6227
6231
6239
6243
6255
6263
6267
6271
6283
6287
6291
6299
6303
6311
6315
6319
6323
6327
6335
6339
6347
6351
6355
6359
6363
6367
6375
6379
6383
6391
6395
6399
6415
6423
6427
6431
6447
6455
6463
6467
6475
6479
6483
6487
6495
6503
6507
6511
6515
6527
6539
6543
6559
6563
6567
6571
6575
6583
6591
6603
6607
6611
6619
6623
6627
6631
6639
6647
6651
6655
6659
6663
6667
6671
6675
6679
6683
6687
6691
6695
6703
6707
6711
6715
6719
6723
6727
6731
6735
6743
6747
6751
6755
6759
6763
6767
6783
6787
6791
6799
6803
6807
6811
6815
6819
6823
6827
6831
6835
6847
6851
6855
6859
6863
6867
6871
6879
6891
6895
6903
6907
6911
6915
6923
6927
6931
6935
6943
6947
6951
6955
6959
6963
6971
6975
6983
6991
6995
6999
7003
7007
7011
7023
7031
7039
7043
7047
7051
7055
7059
7067
7071
7075
7079
7087
7091
7095
7099
7103
7107
7111
7115
7119
7123
7135
7139
7147
7151
7155
7163
7167
7171
7179
7183
7187
7191
7199
7203
7207
7211
7215
7219
7223
7231
7235
7239
7243
7247
7251
7255
7259
7263
7271
7275
7279
7283
7295
7299
7307
7311
7319
7323
7327
7331
7339
7343
7347
7355
7359
7363
7375
7383
7387
7391
7403
7407
7411
7423
7431
7439
7443
7455
7459
7463
7467
7471
7475
7483
7487
7491
7495
7499
7503
7507
7519
7523
7527
7531
7535
7539
7543
7551
7559
7567
7575
7579
7583
7587
7599
7603
7607
7611
7615
7627
7631
7635
7639
7643
7647
7651
7655
7659
7663
7667
7671
7675
7679
7683
7687
7691
7695
7699
7703
7711
7715
7719
7723
7727
7739
7743
7759
7767
7771
7775
7779
7783
7791
7795
7799
7807
7811
7819
7823
7827
7835
7839
7847
7855
7859
7863
7871
7875
7879
7887
7903
7911
7915
7919
7923
7931
7935
7939
7943
7947
7951
7955
7959
7967
7979
7983
7987
7991
7995
7999
8003
8011
8015
8023
8027
8031
8035
8039
8047
8051
8055
8059
8063
8067
8079
8083
8095
8099
8103
8107
8111
8115
8119
8123
8127
8135
8139
8143
8147
8151
8155
8159
8163
8167
8175
8179
8183
8187
8191
8195
8203
8207
8211
8215
8223
8239
8243
8247
8251
8255
8259
8271
8279
8287
8299
8303
8311
8319
8331
8335
8339
8343
8347
8351
8355
8363
8367
8371
8375
8383
8387
8391
8399
8403
8407
8415
8419
8423
8427
8431
8435
8439
8447
8459
8463
8467
8471
8479
8495
8499
8503
8507
8511
8527
8531
8535
8539
8543
8547
8555
8559
8567
8571
8575
8579
8583
8587
8591
8595
8599
8607
8611
8619
8623
8627
8631
8635
8639
8643
8647
8651
8655
8667
8671
8675
8683
8687
8699
8703
8707
8711
8715
8719
8723
8731
8735
8743
8751
8755
8759
8763
8767
8771
8775
8779
8783
8791
8799
8803
8815
8819
8823
8831
8835
8839
8843
8847
8851
8855
8863
8867
8871
8875
8879
8883
8887
8895
8899
8903
8907
8911
8915
8923
8927
8935
8939
8943
8947
8951
8955
8959
8967
8975
8983
8991
9007
9011
9015
9019
9023
9027
9031
9035
9039
9047
9055
9067
9071
9083
9087
9099
9103
9111
9119
9123
9131
9135
9143
9147
9151
9155
9159
9163
9167
9171
9183
9191
9195
9199
9203
9207
9215
9223
9231
9235
9239
9243
9247
9251
9255
9259
9263
9275
9279
9287
9291
9295
9307
9311
9315
9319
9327
9331
9335
9339
9343
9351
9359
9363
9367
9375
9379
9387
9391
9399
9403
9407
9419
9423
9431
9439
9443
9447
9451
9455
9463
9467
9471
9475
9479
9487
9491
9499
9503
9511
9519
9531
9535
9539
9543
9547
9551
9559
9563
9567
9571
9575
9579
9583
9587
9591
9599
9603
9615
9619
9623
9627
9631
9635
9639
9643
9647
9651
9655
9663
9671
9675
9679
9683
9695
9699
9703
9707
9711
9719
9727
9731
9735
9739
9743
9747
9755
9759
9763
9771
9775
9787
9791
9795
9799
9803
9807
9811
9815
9819
9823
9831
9835
9839
9843
9847
9851
9855
9863
9867
9871
9875
9879
9883
9887
9891
9895
9899
9903
9911
9919
9923
9927
9935
9947
9951
9955
9959
9963
9967
9971
9975
9983
9987
9991
9999
10015
10019
10023
10027
10031
10043
10047
10051
10059
10063
10071
10075
10079
10083
10087
10091
10095
10099
10103
10107
10111
10119
10127
10135
10139
10143
10147
10151
10155
10159
10167
10171
10175
10179
10183
10191
10199
10207
10215
10223
10231
10235
10239
10247
10251
10255
10259
10263
10267
10271
10275
10279
10283
10287
10291
10299
10303
10315
10319
10327
10331
10335
10339
10343
10347
10351
10355
10359
10367
10371
10375
10379
10383
10391
10395
10399
10403
10407
10415
10419
10427
10431
10435
10439
10443
10447
10451
10455
10463
10467
10471
10475
10479
10487
10491
10495
10499
10503
10511
10515
10519
10523
10527
10531
10535
10543
10547
10551
10559
10563
10567
10571
10575
10579
10583
10587
10591
10599
10603
10607
10611
10615
10623
10627
10635
10639
10651
10655
10663
10671
10675
10679
10683
10687
10691
10695
10699
10703
10707
10711
10719
10723
10731
10735
10743
10751
10755
10759
10763
10767
10775
10779
10783
10787
10791
10795
10799
10803
10807
10815
10819
10823
10827
10831
10835
10847
10851
10855
10863
10867
10875
10879
10883
10891
10895
10903
10911
10915
10919
10923
10927
10935
10939
10943
10947
10951
10959
10971
10975
10979
10983
10987
10991
10995
10999
11003
11007
11011
11015
11023
11027
11031
11035
11039
11047
11051
11055
11063
11067
11071
11083
11087
11091
11095
11103
11111
11115
11119
11123
11127
11135
11139
11143
11151
11155
11163
11167
11171
11179
11183
11187
11191
11199
11203
11215
11219
11223
11231
11247
11251
11259
11263
11267
11271
11275
11279
11287
11291
11295
11299
11303
11307
11311
11319
11323
11327
11335
11339
11343
11351
11355
11359
11363
11375
11379
11383
11391
11395
11399
11403
11407
11411
11415
11419
11423
11439
11447
11451
11455
11463
11467
11471
11475
11479
11483
11487
11491
11495
11499
11503
11507
11511
11519
11523
11531
11535
11539
11543
11547
11551
11555
11563
11567
11571
11575
11579
11583
11587
11591
11595
11599
11603
11607
11615
11619
11627
11631
11635
11639
11643
11647
11651
11655
11659
11663
11667
11675
11679
11691
11695
11703
11707
11711
11715
11719
11727
11735
11739
11743
11747
11755
11759
11767
11775
11783
11787
11791
11795
11803
11807
11811
11815
11819
11823
11827
11831
11839
11843
11847
11851
11855
11859
11863
11871
11875
11887
11891
11899
11903
11911
11919
11935
11951
11959
11967
11975
11983
11991
11995
11999
12003
12015
12023
12027
12031
12035
12039
12047
12055
12063
12067
12071
12075
12079
12083
12087
12091
12095
12099
12103
12107
12111
12119
12123
12127
12131
12135
12143
12159
12171
12175
12179
12183
12191
12195
12203
12207
12211
12215
12223
12227
12235
12239
12243
12247
12255
12267
12271
12275
12283
12287
12291
12295
12303
12307
12311
12315
12319
12323
12327
12331
12335
12339
12343
12351
12355
12359
12363
12367
12375
12379
12383
12391
12395
12399
12407
12411
12415
12427
12431
12439
12443
12447
12451
12459
12463
12467
12471
12479
12483
12487
12491
12495
12499
12503
12507
12511
12515
12519
12523
12527
12535
12543
12547
12551
12555
12559
12563
12567
12575
12579
12583
12587
12591
12595
12603
12607
12615
12619
12623
12627
12631
12639
12651
12655
12659
12663
12667
12671
12675
12683
12687
12691
12695
12699
12703
12711
12715
12719
12723
12727
12731
12735
12739
12751
12755
12759
12763
12767
12779
12783
12787
12791
12799
12803
12811
12815
12819
12827
12831
12847
12851
12863
12867
12871
12875
12879
12883
12895
12899
12911
12915
12919
12923
12927
12935
12939
12943
12947
12955
12959
12963
12975
12983
12987
12991
12995
12999
13007
13015
13019
13023
13027
13035
13039
13055
13063
13071
13075
13083
13087
13091
13095
13099
13103
13107
13111
13119
13131
13135
13139
13143
13147
13151
13155
13159
13167
13171
13175
13179
13183
13187
13199
13203
13211
13215
13219
13223
13231
13235
13243
13247
13251
13259
13263
13267
13275
13279
13283
13287
13295
13307
13311
13315
13327
13331
13335
13339
13343
13359
13363
13367
13371
13375
13379
13383
13391
13395
13403
13407
13423
13427
13435
13439
13447
13451
13455
13467
13471
13475
13479
13487
13491
13495
13499
13503
13507
13511
13519
13523
13527
13531
13535
13547
13551
13559
13563
13567
13575
13583
13587
13599
13603
13611
13615
13623
13631
13647
13651
13655
13659
13663
13667
13671
13679
13691
13695
13699
13703
13711
13719
13727
13731
13739
13743
13747
13755
13759
13763
13767
13775
13779
13791
13803
13807
13811
13815
13823
13827
13831
13839
13847
13851
13855
13859
13863
13871
13875
13879
13883
13887
13891
13899
13903
13915
13919
13923
13927
13931
13935
13943
13947
13951
13959
13963
13967
13971
13975
13983
13987
13991
13995
13999
14003
14015
14019
14023
14027
14031
14035
14039
14043
14047
14051
14055
14059
14063
14067
14071
14075
14079
14083
14091
14095
14099
14103
14111
14123
14127
14131
14135
14143
14147
14151
14155
14159
14163
14175
14179
14191
14199
14203
14207
14211
14215
14219
14223
14227
14235
14239
14255
14259
14263
14271
14275
14279
14283
14287
14291
14295
14299
14303
14307
14311
14319
14331
14335
14343
14351
14359
14367
14371
14375
14379
14383
14391
14399
14403
14407
14411
14415
14423
14427
14431
14435
14447
14451
14455
14463
14475
14479
14487
14495
14503
14507
14511
14515
14519
14523
14527
14539
14543
14555
14559
14563
14567
14571
14575
14579
14583
14587
14591
14595
14607
14611
14615
14623
14635
14639
14647
14655
14659
14663
14671
14675
14687
14699
14703
14707
14711
14715
14719
14735
14743
14751
14755
14759
14763
14767
14771
14775
14779
14783
14799
14803
14807
14815
14823
14827
14831
14835
14839
14847
14851
14859
14863
14867
14879
14887
14891
14895
14911
14919
14927
14935
14939
14943
14951
14955
14959
14963
14967
14971
14975
14979
14983
14987
14991
15003
15007
15011
15015
15019
15023
15027
15031
15035
15039
15043
15055
15063
15071
15075
15083
15087
15095
15099
15103
15107
15111
15115
15119
15127
15131
15135
15139
15143
15147
15151
15155
15159
15167
15171
15179
15183
15195
15199
15203
15207
15215
15219
15227
15231
15239
15243
15247
15251
15263
15267
15271
15279
15287
15291
15295
15299
15303
15307
15311
15315
15319
15323
15327
15331
15335
15339
15343
15347
15355
15359
15363
15367
15371
15375
15379
15383
15387
15391
15399
15407
15423
15435
15439
15443
15447
15455
15459
15467
15471
15479
15483
15487
15491
15495
15503
15511
15515
15519
15523
15527
15535
15539
15543
15551
15559
15563
15567
15575
15579
15583
15591
15595
15599
15603
15607
15615
15619
15623
15627
15631
15635
15647
15651
15655
15663
15671
15679
15683
15695
15699
15703
15711
15719
15723
15727
15731
15743
15747
15751
15755
15759
15767
15775
15787
15791
15803
15807
15819
15823
15839
15843
15851
15855
15859
15867
15871
15875
15879
15887
15891
15899
15903
15907
15911
15915
15919
15927
15935
15943
15951
15959
15967
15979
15983
15987
15991
15995
15999
16007
16015
16027
16031
16039
16047
16051
16055
16059
16063
16067
16079
16087
16095
16099
16103
16107
16111
16115
16119
16123
16127
16131
16135
16143
16147
16155
16159
16163
16171
16175
16179
16187
16191
16199
16203
16207
16219
16223
16227
16235
16239
16243
16247
16251
16255
16259
16263
16271
16275
16279
16287
16291
16295
16303
16307
16315
16319
16323
16335
16339
16351
16355
16359
16363
16367
16375
16379
16383
16387
16391
16395
16399
16407
16411
16415
16419
16427
16431
16439
16443
16447
16455
16463
16475
16479
16483
16487
16491
16495
16499
16503
16507
16511
16519
16523
16527
16535
16539
16543
16559
16571
16575
16583
16591
16595
16603
16607
16611
16615
16619
16623
16635
16639
16643
16647
16651
16655
16663
16667
16671
16679
16687
16691
16695
16703
16707
16715
16719
16723
16727
16731
16735
16739
16743
16751
16767
16771
16783
16787
16791
16799
16811
16815
16823
16831
16835
16839
16847
16863
16867
16871
16875
16879
16887
16891
16895
16899
16903
16907
16911
16927
16935
16939
16943
16947
16955
16959
16967
16971
16975
16979
16983
16991
16995
16999
